import numpy as np

barn_mastr_41 = [[
					-0.2538614571094513,
					-0.6905098557472229,
					-0.67731112241745,
					-1.9638093709945679
				],
				[
					-0.12298578768968582,
					0.7176110744476318,
					-0.6854990124702454,
					-3.0897512435913086
				],
				[
					0.9593898057937622,
					-0.09072214365005493,
					-0.2670966684818268,
					-4.183223247528076
				],
				[
					0.0,
					0.0,
					0.0,
					1.0
				]]

barn_mastr_64 = [[
					0.18405655026435852,
					-0.6369643807411194,
					-0.7485986948013306,
					-3.6752874851226807
				],
				[
					0.30254286527633667,
					0.7613478302955627,
					-0.5734264254570007,
					-4.027247905731201
				],
				[
					0.935196042060852,
					-0.12094026803970337,
					0.3328399658203125,
					0.004277689382433891
				],
				[
					0.0,
					0.0,
					0.0,
					1.0
				]]

barn_colmap_41 = [[
                    -0.9700395426489758,
                    0.032047508342939075,
                    0.24082409120845222,
                    1.4518133911400464
                ],
                [
                    0.2426845069827861,
                    0.0817467757264861,
                    0.9666548995007719,
                    2.848336891013573
                ],
                [
                    0.011292287982941731,
                    0.9961377524556193,
                    -0.0870750387009818,
                    -0.2152586977224317
                ],
                [
                    0.0,
                    0.0,
                    0.0,
                    1.0
                ]]

barn_colmap_64 = [[
                    -0.9125714772453292,
                    0.06743759226900477,
                    -0.4033180755523319,
                    -1.7190518940370068
                ],
                [
                    -0.4052125900679201,
                    -0.016671909155921392,
                    0.9140704591526541,
                    4.161928327302862
                ],
                [
                    0.05491862861292918,
                    0.9975841912310238,
                    0.04254087019818689,
                    -0.10528672824565775
                ],
                [
                    0.0,
                    0.0,
                    0.0,
                    1.0
                ]]

# Compute relations
trf_41_to_64_mastr = barn_mastr_64*np.linalg.inv(barn_mastr_41)
trf_41_to_64_colmap = barn_colmap_64*np.linalg.inv(barn_colmap_41)

print(f"mastr transform: {trf_41_to_64_mastr}\ncolmap transform: {trf_41_to_64_colmap}")