{
	"w": 1920,
	"h": 1080,
	"cx": 978.7861328125,
	"cy": 316.2498779296875,
	"fl_x": 1435.1966552734375,
	"fl_y": 1435.1966552734375,
	"ply_file_path": "sparse_pc.ply",
	"k1": 0.0,
	"k2": 0.0,
	"p1": 0.0,
	"p2": 0.0,
	"frames": [
		{
			"file_path": "images/frame0.png",
			"transform_matrix": [
				[
					-0.06143314391374588,
					-0.4286057949066162,
					0.9014018177986145,
					4.013877868652344
				],
				[
					-0.9175417423248291,
					-0.33122292160987854,
					-0.22002555429935455,
					-1.6140152215957642
				],
				[
					0.3928687870502472,
					-0.8405895829200745,
					-0.37291496992111206,
					-2.144742488861084
				],
				[
					0.0,
					0.0,
					0.0,
					1.0
				]
			]
		},
		{
			"file_path": "images/frame1026.png",
			"transform_matrix": [
				[
					-0.42758437991142273,
					-0.6722605228424072,
					-0.6043490171432495,
					-2.4485278129577637
				],
				[
					0.9039247632026672,
					-0.31085875630378723,
					-0.29374760389328003,
					-1.3620922565460205
				],
				[
					0.009607530198991299,
					-0.6718876957893372,
					0.7405911684036255,
					2.101553201675415
				],
				[
					0.0,
					0.0,
					0.0,
					1.0
				]
			]
		},
		{
			"file_path": "images/frame1086.png",
			"transform_matrix": [
				[
					-0.5997039079666138,
					-0.6499061584472656,
					-0.46688106656074524,
					-2.3097634315490723
				],
				[
					0.779484748840332,
					-0.342467725276947,
					-0.5245195031166077,
					-2.416609525680542
				],
				[
					0.18099653720855713,
					-0.678482711315155,
					0.7119709849357605,
					2.31783390045166
				],
				[
					0.0,
					0.0,
					0.0,
					1.0
				]
			]
		},
		{
			"file_path": "images/frame1146.png",
			"transform_matrix": [
				[
					-0.7007025480270386,
					-0.6251696348190308,
					-0.34377342462539673,
					-1.9775222539901733
				],
				[
					0.6504285335540771,
					-0.361745148897171,
					-0.6678959131240845,
					-3.390794277191162
				],
				[
					0.29318955540657043,
					-0.6915957927703857,
					0.6601035594940186,
					2.3544516563415527
				],
				[
					0.0,
					0.0,
					0.0,
					1.0
				]
			]
		},
		{
			"file_path": "images/frame1206.png",
			"transform_matrix": [
				[
					-0.7223391532897949,
					-0.6173403859138489,
					-0.311639666557312,
					-1.618782639503479
				],
				[
					0.6126896739006042,
					-0.36233144998550415,
					-0.7023746371269226,
					-4.176108360290527
				],
				[
					0.3206869065761566,
					-0.6982901096343994,
					0.6399634480476379,
					2.330988883972168
				],
				[
					0.0,
					0.0,
					0.0,
					1.0
				]
			]
		},
		{
			"file_path": "images/frame121.png",
			"transform_matrix": [
				[
					0.00289248488843441,
					-0.4718282222747803,
					0.8816867470741272,
					6.6243391036987305
				],
				[
					-0.9564832448959351,
					-0.2585630416870117,
					-0.1352301388978958,
					-1.775517225265503
				],
				[
					0.2917768061161041,
					-0.8429266214370728,
					-0.4520430564880371,
					-5.384164333343506
				],
				[
					0.0,
					0.0,
					0.0,
					1.0
				]
			]
		},
		{
			"file_path": "images/frame1267.png",
			"transform_matrix": [
				[
					-0.7249692678451538,
					-0.6153919100761414,
					-0.3093765676021576,
					-1.2186875343322754
				],
				[
					0.6079431176185608,
					-0.36056825518608093,
					-0.7073879837989807,
					-4.819438457489014
				],
				[
					0.32376909255981445,
					-0.70091712474823,
					0.6355236768722534,
					2.2512800693511963
				],
				[
					0.0,
					0.0,
					0.0,
					1.0
				]
			]
		},
		{
			"file_path": "images/frame1327.png",
			"transform_matrix": [
				[
					-0.721836268901825,
					-0.6194366812705994,
					-0.3086301386356354,
					-0.994934618473053
				],
				[
					0.6083592176437378,
					-0.3553372323513031,
					-0.7096740007400513,
					-5.206874370574951
				],
				[
					0.3299298584461212,
					-0.7000254988670349,
					0.6333345770835876,
					2.2350339889526367
				],
				[
					0.0,
					0.0,
					0.0,
					1.0
				]
			]
		},
		{
			"file_path": "images/frame1387.png",
			"transform_matrix": [
				[
					-0.7032390236854553,
					-0.6305544376373291,
					-0.32841727137565613,
					-1.2445796728134155
				],
				[
					0.6326315402984619,
					-0.34422290325164795,
					-0.6937509775161743,
					-5.136448383331299
				],
				[
					0.32439857721328735,
					-0.6956389546394348,
					0.6409789323806763,
					2.424760103225708
				],
				[
					0.0,
					0.0,
					0.0,
					1.0
				]
			]
		},
		{
			"file_path": "images/frame1448.png",
			"transform_matrix": [
				[
					-0.6563511490821838,
					-0.6436052918434143,
					-0.39367085695266724,
					-1.8531697988510132
				],
				[
					0.7018304467201233,
					-0.32939326763153076,
					-0.6316137909889221,
					-4.645678997039795
				],
				[
					0.2768371105194092,
					-0.6908499598503113,
					0.6678990125656128,
					2.73824405670166
				],
				[
					0.0,
					0.0,
					0.0,
					1.0
				]
			]
		},
		{
			"file_path": "images/frame603.png",
			"transform_matrix": [
				[
					0.40217456221580505,
					-0.47666582465171814,
					0.7816944122314453,
					1.5343304872512817
				],
				[
					-0.9143010377883911,
					-0.1642727553844452,
					0.37022846937179565,
					0.06443943083286285
				],
				[
					-0.048064008355140686,
					-0.8636001944541931,
					-0.501882016658783,
					-1.2897725105285645
				],
				[
					0.0,
					0.0,
					0.0,
					1.0
				]
			]
		},
		{
			"file_path": "images/frame61.png",
			"transform_matrix": [
				[
					0.0069205304607748985,
					-0.47168827056884766,
					0.8817393779754639,
					6.687167644500732
				],
				[
					-0.9571356177330017,
					-0.25845465064048767,
					-0.1307484358549118,
					-1.7806816101074219
				],
				[
					0.2895618975162506,
					-0.8430383801460266,
					-0.45325759053230286,
					-5.443046569824219
				],
				[
					0.0,
					0.0,
					0.0,
					1.0
				]
			]
		},
		{
			"file_path": "images/frame664.png",
			"transform_matrix": [
				[
					0.6834124326705933,
					-0.5180825591087341,
					0.5143331289291382,
					0.8783904910087585
				],
				[
					-0.646917462348938,
					-0.10329722613096237,
					0.7555316686630249,
					0.6113675236701965
				],
				[
					-0.33829841017723083,
					-0.8490707278251648,
					-0.4057510495185852,
					-0.9643619656562805
				],
				[
					0.0,
					0.0,
					0.0,
					1.0
				]
			]
		},
		{
			"file_path": "images/frame724.png",
			"transform_matrix": [
				[
					0.8025321960449219,
					-0.5780923366546631,
					0.1474836766719818,
					0.2743925154209137
				],
				[
					-0.23289382457733154,
					-0.07596507668495178,
					0.9695307612419128,
					1.154821515083313
				],
				[
					-0.5492746829986572,
					-0.8124276995658875,
					-0.1955985724925995,
					-0.650718629360199
				],
				[
					0.0,
					0.0,
					0.0,
					1.0
				]
			]
		},
		{
			"file_path": "images/frame784.png",
			"transform_matrix": [
				[
					0.736905038356781,
					-0.638615608215332,
					-0.22167803347110748,
					-0.5154369473457336
				],
				[
					0.20978671312332153,
					-0.09569388628005981,
					0.9730532765388489,
					1.4436190128326416
				],
				[
					-0.6426201462745667,
					-0.7635529637336731,
					0.06345571577548981,
					-0.16930682957172394
				],
				[
					0.0,
					0.0,
					0.0,
					1.0
				]
			]
		},
		{
			"file_path": "images/frame845.png",
			"transform_matrix": [
				[
					0.48695194721221924,
					-0.6787236928939819,
					-0.5497381687164307,
					-1.3392561674118042
				],
				[
					0.6553802490234375,
					-0.13212443888187408,
					0.743653416633606,
					1.3374484777450562
				],
				[
					-0.5773689150810242,
					-0.722411036491394,
					0.3804836869239807,
					0.48837822675704956
				],
				[
					0.0,
					0.0,
					0.0,
					1.0
				]
			]
		},
		{
			"file_path": "images/frame905.png",
			"transform_matrix": [
				[
					0.1635255068540573,
					-0.6975702047348022,
					-0.6976069211959839,
					-1.9775303602218628
				],
				[
					0.8933764696121216,
					-0.19525893032550812,
					0.4046642482280731,
					0.7268982529640198
				],
				[
					-0.41849571466445923,
					-0.6893984079360962,
					0.591262698173523,
					1.1383025646209717
				],
				[
					0.0,
					0.0,
					0.0,
					1.0
				]
			]
		},
		{
			"file_path": "images/frame965.png",
			"transform_matrix": [
				[
					-0.14279712736606598,
					-0.6931982040405273,
					-0.7064599990844727,
					-2.3629209995269775
				],
				[
					0.9650039076805115,
					-0.25612983107566833,
					0.05626487731933594,
					-0.23473328351974487
				],
				[
					-0.21994827687740326,
					-0.6737020611763,
					0.7055132985115051,
					1.7097965478897095
				],
				[
					0.0,
					0.0,
					0.0,
					1.0
				]
			]
		},
		{
			"file_path": "images/frame1568.png",
			"transform_matrix": [
				[
					-0.4850900173187256,
					-0.664429783821106,
					-0.568525493144989,
					-2.8379857540130615
				],
				[
					0.8684520721435547,
					-0.2899346947669983,
					-0.4021565020084381,
					-2.976991891860962
				],
				[
					0.10236924886703491,
					-0.6888189315795898,
					0.7176697254180908,
					2.924617290496826
				],
				[
					0.0,
					0.0,
					0.0,
					1.0
				]
			]
		},
		{
			"file_path": "images/frame1628.png",
			"transform_matrix": [
				[
					-0.3952396810054779,
					-0.6702725291252136,
					-0.6281086802482605,
					-3.0229005813598633
				],
				[
					0.9183167219161987,
					-0.27199915051460266,
					-0.2875962257385254,
					-2.0248308181762695
				],
				[
					0.021922647953033447,
					-0.6904719471931458,
					0.7230272889137268,
					2.7577829360961914
				],
				[
					0.0,
					0.0,
					0.0,
					1.0
				]
			]
		},
		{
			"file_path": "images/frame1689.png",
			"transform_matrix": [
				[
					-0.29477256536483765,
					-0.6737244725227356,
					-0.6776463985443115,
					-3.023700475692749
				],
				[
					0.9533126354217529,
					-0.2560308575630188,
					-0.1601368933916092,
					-1.1283549070358276
				],
				[
					-0.06561040878295898,
					-0.6932127475738525,
					0.7177408933639526,
					2.477158308029175
				],
				[
					0.0,
					0.0,
					0.0,
					1.0
				]
			]
		},
		{
			"file_path": "images/frame1749.png",
			"transform_matrix": [
				[
					-0.14220532774925232,
					-0.6769042611122131,
					-0.7222039699554443,
					-2.863440990447998
				],
				[
					0.9730032682418823,
					-0.22958359122276306,
					0.023594170808792114,
					-0.28024160861968994
				],
				[
					-0.18177728354930878,
					-0.6993514895439148,
					0.6912778615951538,
					2.088191032409668
				],
				[
					0.0,
					0.0,
					0.0,
					1.0
				]
			]
		},
		{
			"file_path": "images/frame1809.png",
			"transform_matrix": [
				[
					0.09900127351284027,
					-0.6741766929626465,
					-0.7319049835205078,
					-2.525994062423706
				],
				[
					0.9333701729774475,
					-0.19208714365959167,
					0.30318889021873474,
					0.48436617851257324
				],
				[
					-0.344992458820343,
					-0.713154137134552,
					0.6102392673492432,
					1.5941215753555298
				],
				[
					0.0,
					0.0,
					0.0,
					1.0
				]
			]
		},
		{
			"file_path": "images/frame181.png",
			"transform_matrix": [
				[
					-0.0012299444060772657,
					-0.4736088216304779,
					0.8807353973388672,
					6.5548014640808105
				],
				[
					-0.9557424783706665,
					-0.25856053829193115,
					-0.14037355780601501,
					-1.7528743743896484
				],
				[
					0.29420536756515503,
					-0.8419281840324402,
					-0.45232948660850525,
					-5.317387580871582
				],
				[
					0.0,
					0.0,
					0.0,
					1.0
				]
			]
		},
		{
			"file_path": "images/frame1870.png",
			"transform_matrix": [
				[
					0.3301311731338501,
					-0.6626169681549072,
					-0.6722739934921265,
					-2.033500909805298
				],
				[
					0.8154217004776001,
					-0.15857599675655365,
					0.5567241907119751,
					1.132987141609192
				],
				[
					-0.4755013585090637,
					-0.731978714466095,
					0.4879611134529114,
					1.0269337892532349
				],
				[
					0.0,
					0.0,
					0.0,
					1.0
				]
			]
		},
		{
			"file_path": "images/frame1930.png",
			"transform_matrix": [
				[
					0.5990644097328186,
					-0.6352794170379639,
					-0.48738276958465576,
					-1.4684809446334839
				],
				[
					0.5422343015670776,
					-0.12600462138652802,
					0.8307256698608398,
					1.7760392427444458
				],
				[
					-0.5891553163528442,
					-0.7619339227676392,
					0.2689852714538574,
					0.4297569990158081
				],
				[
					0.0,
					0.0,
					0.0,
					1.0
				]
			]
		},
		{
			"file_path": "images/frame2051.png",
			"transform_matrix": [
				[
					0.8227785229682922,
					-0.5681962966918945,
					0.013731926679611206,
					0.08340254426002502
				],
				[
					-0.09940449893474579,
					-0.12007086724042892,
					0.9877762198448181,
					2.0788753032684326
				],
				[
					-0.5596019625663757,
					-0.8140860795974731,
					-0.15527302026748657,
					-0.7994954586029053
				],
				[
					0.0,
					0.0,
					0.0,
					1.0
				]
			]
		},
		{
			"file_path": "images/frame2111.png",
			"transform_matrix": [
				[
					0.7771773934364319,
					-0.527006983757019,
					0.3438885807991028,
					0.8412725329399109
				],
				[
					-0.4789898991584778,
					-0.14099851250648499,
					0.8664227724075317,
					1.6925382614135742
				],
				[
					-0.4081229567527771,
					-0.8380833268165588,
					-0.36201179027557373,
					-1.2775455713272095
				],
				[
					0.0,
					0.0,
					0.0,
					1.0
				]
			]
		},
		{
			"file_path": "images/frame2171.png",
			"transform_matrix": [
				[
					0.6199318170547485,
					-0.4945010244846344,
					0.6092240810394287,
					1.4621304273605347
				],
				[
					-0.75822913646698,
					-0.17772479355335236,
					0.6272984147071838,
					1.038010835647583
				],
				[
					-0.20192527770996094,
					-0.8508135080337524,
					-0.48512208461761475,
					-1.5956616401672363
				],
				[
					0.0,
					0.0,
					0.0,
					1.0
				]
			]
		},
		{
			"file_path": "images/frame2231.png",
			"transform_matrix": [
				[
					0.39982450008392334,
					-0.4730178713798523,
					0.7851083874702454,
					2.021937608718872
				],
				[
					-0.9163259267807007,
					-0.22691845893859863,
					0.32993295788764954,
					0.21841749548912048
				],
				[
					0.02209150791168213,
					-0.8513302206993103,
					-0.5241657495498657,
					-1.8510857820510864
				],
				[
					0.0,
					0.0,
					0.0,
					1.0
				]
			]
		},
		{
			"file_path": "images/frame2292.png",
			"transform_matrix": [
				[
					0.1265099048614502,
					-0.46739134192466736,
					0.8749523162841797,
					2.472055435180664
				],
				[
					-0.960310697555542,
					-0.27875348925590515,
					-0.01005549542605877,
					-0.8109501600265503
				],
				[
					0.24859583377838135,
					-0.8389535546302795,
					-0.48410549759864807,
					-2.01815128326416
				],
				[
					0.0,
					0.0,
					0.0,
					1.0
				]
			]
		},
		{
			"file_path": "images/frame2352.png",
			"transform_matrix": [
				[
					-0.1320907324552536,
					-0.48853224515914917,
					0.8624902963638306,
					2.7200920581817627
				],
				[
					-0.8950307965278625,
					-0.31516033411026,
					-0.31558752059936523,
					-1.9607157707214355
				],
				[
					0.42599713802337646,
					-0.8136410117149353,
					-0.39562109112739563,
					-2.0354061126708984
				],
				[
					0.0,
					0.0,
					0.0,
					1.0
				]
			]
		},
		{
			"file_path": "images/frame2412.png",
			"transform_matrix": [
				[
					-0.35902777314186096,
					-0.5454631447792053,
					0.7573441863059998,
					2.6482558250427246
				],
				[
					-0.7538955211639404,
					-0.3088807165622711,
					-0.5798584222793579,
					-3.11749267578125
				],
				[
					0.5502200126647949,
					-0.779143214225769,
					-0.30032503604888916,
					-1.8527380228042603
				],
				[
					0.0,
					0.0,
					0.0,
					1.0
				]
			]
		},
		{
			"file_path": "images/frame242.png",
			"transform_matrix": [
				[
					-0.004014302045106888,
					-0.4741649627685547,
					0.8804276585578918,
					6.429238796234131
				],
				[
					-0.9558296799659729,
					-0.25693923234939575,
					-0.14273571968078613,
					-1.6843422651290894
				],
				[
					0.29389649629592896,
					-0.8421112895011902,
					-0.45218902826309204,
					-5.2019572257995605
				],
				[
					0.0,
					0.0,
					0.0,
					1.0
				]
			]
		},
		{
			"file_path": "images/frame2533.png",
			"transform_matrix": [
				[
					-0.6263392567634583,
					-0.6713136434555054,
					0.39628130197525024,
					1.065314531326294
				],
				[
					-0.4403245151042938,
					-0.11482410132884979,
					-0.89046710729599,
					-2.739086389541626
				],
				[
					0.6432847380638123,
					-0.7322263121604919,
					-0.2236766666173935,
					-0.504899263381958
				],
				[
					0.0,
					0.0,
					0.0,
					1.0
				]
			]
		},
		{
			"file_path": "images/frame302.png",
			"transform_matrix": [
				[
					-0.002530570374801755,
					-0.4733038544654846,
					0.8808963894844055,
					5.9408345222473145
				],
				[
					-0.9566001296043396,
					-0.25554513931274414,
					-0.14005182683467865,
					-1.502524733543396
				],
				[
					0.2913956344127655,
					-0.843019425868988,
					-0.45211535692214966,
					-4.779838562011719
				],
				[
					0.0,
					0.0,
					0.0,
					1.0
				]
			]
		},
		{
			"file_path": "images/frame362.png",
			"transform_matrix": [
				[
					0.00036015361547470093,
					-0.4720339775085449,
					0.8815810084342957,
					5.349058151245117
				],
				[
					-0.958829939365387,
					-0.25051724910736084,
					-0.1337452083826065,
					-1.2148663997650146
				],
				[
					0.28398337960243225,
					-0.8452375531196594,
					-0.4526900351047516,
					-4.3332014083862305
				],
				[
					0.0,
					0.0,
					0.0,
					1.0
				]
			]
		},
		{
			"file_path": "images/frame423.png",
			"transform_matrix": [
				[
					0.07639260590076447,
					-0.47005051374435425,
					0.8793280720710754,
					4.432814598083496
				],
				[
					-0.9716542959213257,
					-0.23297883570194244,
					-0.04012669622898102,
					-0.8015139102935791
				],
				[
					0.2237263172864914,
					-0.8513370156288147,
					-0.47452399134635925,
					-3.6128323078155518
				],
				[
					0.0,
					0.0,
					0.0,
					1.0
				]
			]
		},
		{
			"file_path": "images/frame483.png",
			"transform_matrix": [
				[
					0.11576493084430695,
					-0.46893054246902466,
					0.875616192817688,
					3.486999273300171
				],
				[
					-0.9747684597969055,
					-0.22302179038524628,
					0.009436056017875671,
					-0.4705508351325989
				],
				[
					0.19085660576820374,
					-0.8546149730682373,
					-0.48291632533073425,
					-2.873314380645752
				],
				[
					0.0,
					0.0,
					0.0,
					1.0
				]
			]
		},
		{
			"file_path": "images/frame1508.png",
			"transform_matrix": [
				[
					-0.5501490235328674,
					-0.6580334305763245,
					-0.5141294598579407,
					-2.4210309982299805
				],
				[
					0.8190436959266663,
					-0.30516886711120605,
					-0.485840380191803,
					-3.8789963722229004
				],
				[
					0.16280265152454376,
					-0.6883786916732788,
					0.7068461775779724,
					2.9044291973114014
				],
				[
					0.0,
					0.0,
					0.0,
					1.0
				]
			]
		},
		{
			"file_path": "images/frame1990.png",
			"transform_matrix": [
				[
					0.7599575519561768,
					-0.6029819250106812,
					-0.24264666438102722,
					-0.7501245737075806
				],
				[
					0.21728916466236115,
					-0.11614923924207687,
					0.9691724181175232,
					2.1103224754333496
				],
				[
					-0.6125765442848206,
					-0.7892544269561768,
					0.04275289177894592,
					-0.19368578493595123
				],
				[
					0.0,
					0.0,
					0.0,
					1.0
				]
			]
		},
		{
			"file_path": "images/frame2473.png",
			"transform_matrix": [
				[
					-0.540691614151001,
					-0.6382775902748108,
					0.5479560494422913,
					1.394784927368164
				],
				[
					-0.550022304058075,
					-0.22462153434753418,
					-0.8043770790100098,
					-2.716372489929199
				],
				[
					0.636497974395752,
					-0.7363075017929077,
					-0.22961553931236267,
					-0.7169384360313416
				],
				[
					0.0,
					0.0,
					0.0,
					1.0
				]
			]
		},
		{
			"file_path": "images/frame543.png",
			"transform_matrix": [
				[
					0.26118922233581543,
					-0.46993929147720337,
					0.8431714773178101,
					2.4129583835601807
				],
				[
					-0.9623517990112305,
					-0.19485002756118774,
					0.18950870633125305,
					-0.25893011689186096
				],
				[
					0.07523447275161743,
					-0.8609248995780945,
					-0.5031392574310303,
					-1.977171778678894
				],
				[
					0.0,
					0.0,
					0.0,
					1.0
				]
			]
		}
	]
}